00000000
00008060
00008061
000C0020
000C0021
00000000
00000000
00B00000
00B00001
00100000
00104001
00104001
00000000
00000620
00000621
01008C00
01008C01
00000000
000C1000
000C1001
00001060
00001061
00000000
0300C000
00000000
00000000
00000000
00000000
00000000
00000000
00000000
00000000
00000620
00000621
01008C00
01008C01
000C1000
000C1001
00001060
00001061
000B0000
00B00001
00100006
00100007
0D00C000
00000000
00000000
00000000
00000008
4000C000
00000000
00000000
00000000
00000000
00000000
00000000
00000000
00000000
00000000
00000000
00000000
00000000
00000000
00000000
00000620
00000621
01008C00
01008C01
000C1000
000C1001
00001060
00001061
00000010
00000000
00000010
00000000
00006000
00000000
00000000
00000000
00000008
4000C000
000C0020
000C0021
00B00000
00B00001
00100060
00100061
0300C000
00000000
00000000
00000000
00000000
00000000
00000000
00000000
00000008
4000C000
000C0020
000C0021
00B00000
00B00001
00100600
00100601
00000C02
00000C03
00001006
00001007
0300C000
00000000
00000000
00000000
00000008
4000C000
000C0020
000C0021
00B00000
00B00001
00100006
00100007
00000008
4000C000
000C0020
000C0021
00B00000
00B00001
00100180
00100181
000C0002
000C0003
00B00000
00B00001
00100600
00100601
000C0080
000C0081
00B00000
00B00001
00100C00
00100C01
000C0002
000C0003
00301000
00301001
00500000
00500001
00000008
4000C000
0300C000
00000000
00000000
00000000
00000000
00000000
00000000
00000000
00000000
00000000
00000000
00000000
00000000
00000000
00000000
00000000
00000000
00000000
00000000
00000000
00000000
00000000
00000000
00000000
00000000
00000000
00000000
00000000
00000000
00000000
00000000
00000000
00000000
00000000
00000000
00000000
00000000
00000000
00000000
00000000
00000000
00000000
DDDDDDDD
00000000
00000000
00000000
00000000
00000000
00000000
00000000
00000000
00000000
00000000
00000000
00000000
00000000
00000000
00000000
00000000
00000000
00000000
00000000
00000000
00000000
00000000
00000000
00000000
00000000
00000000
00000000
00000000
00000000
00000000
00000000
00000000
00000000
00000000
00000000
00000000
00000000
00000000
00000000
00000000
00000000
00000000
00000000
00000000
00000000
00000000
00000000
00000000
00000000
00000000
00000000
00000000
00000000
00000000
00000000
00000000
00000000
00000000
00000000
00000000
00000000
00000000
00000000
00000000
00000000
00000000
00000000
00000000
00000000
00000000
00000000
